{
    "basis_align": [
        [
            [
                0.3623749017715454,
                -2.7452575768194265e-09,
                -0.9320324063301086
            ],
            [
                -0.9164985418319702,
                0.18181189894676208,
                -0.356335312128067
            ],
            [
                0.16945457458496094,
                0.9833333492279053,
                0.0658840611577034
            ]
        ],
        [
            [
                -0.8967828154563904,
                -2.0793615718162073e-09,
                0.4424709975719452
            ],
            [
                0.4203474223613739,
                0.31224992871284485,
                0.8519436717033386
            ],
            [
                -0.13816151022911072,
                0.949999988079071,
                -0.2800203561782837
            ]
        ],
        [
            [
                0.960144579410553,
                4.348823523514511e-09,
                0.2795037627220154
            ],
            [
                0.2562117576599121,
                0.3996526300907135,
                -0.8801325559616089
            ],
            [
                -0.11170440912246704,
                0.9166666865348816,
                0.38372430205345154
            ]
        ],
        [
            [
                -0.5191786885261536,
                2.919906316734e-09,
                -0.8546657562255859
            ],
            [
                -0.7549547553062439,
                0.4687453806400299,
                0.45860782265663147
            ],
            [
                0.40062063932418823,
                0.8833333253860474,
                -0.24336260557174683
            ]
        ],
        [
            [
                -0.19449222087860107,
                4.621896199097364e-09,
                0.9809040427207947
            ],
            [
                0.8337684869766235,
                0.526782751083374,
                0.16531839966773987
            ],
            [
                -0.5167233347892761,
                0.8500000238418579,
                -0.10245514661073685
            ]
        ],
        [
            [
                0.8060036897659302,
                2.9818867375297486e-09,
                -0.5919105410575867
            ],
            [
                -0.4833936095237732,
                0.5771096348762512,
                -0.6582363247871399
            ],
            [
                0.341597318649292,
                0.8166666626930237,
                0.4651525020599365
            ]
        ],
        [
            [
                -0.9941518306732178,
                -1.4782417512293478e-09,
                -0.10799126327037811
            ],
            [
                -0.08459316939115524,
                0.6216018795967102,
                0.778752326965332
            ],
            [
                0.06712757050991058,
                0.783333420753479,
                -0.6179666519165039
            ]
        ],
        [
            [
                0.6601095795631409,
                -5.154250359851176e-10,
                0.7511693239212036
            ],
            [
                0.5633770227432251,
                0.6614378094673157,
                -0.49508222937583923
            ],
            [
                -0.4968518018722534,
                0.75,
                0.43662142753601074
            ]
        ],
        [
            [
                0.020663324743509293,
                -1.3418638422635354e-10,
                -0.9997864961624146
            ],
            [
                -0.7165136337280273,
                0.6974158883094788,
                -0.0148087153211236
            ],
            [
                0.6972669959068298,
                0.7166666388511658,
                0.014410930685698986
            ]
        ],
        [
            [
                -0.6905825734138489,
                -9.069530904071144e-09,
                0.7232535481452942
            ],
            [
                0.4942232668399811,
                0.7301065325737,
                0.4718981087207794
            ],
            [
                -0.5280521512031555,
                0.6833333373069763,
                -0.5041988492012024
            ]
        ],
        [
            [
                0.9977648258209229,
                -4.474051407132862e-10,
                -0.066822849214077
            ],
            [
                -0.04343485087156296,
                0.75993412733078,
                -0.6485471129417419
            ],
            [
                0.050780970603227615,
                0.6499999761581421,
                0.7582355737686157
            ]
        ],
        [
            [
                -0.7808589339256287,
                1.310186892311549e-08,
                -0.6247074007987976
            ],
            [
                -0.3852362334728241,
                0.7872243523597717,
                0.48152968287467957
            ],
            [
                0.49178487062454224,
                0.6166666746139526,
                -0.6147111654281616
            ]
        ],
        [
            [
                0.15379731357097626,
                8.562163755776453e-10,
                0.9881024360656738
            ],
            [
                0.5763930082321167,
                0.8122328519821167,
                -0.08971507847309113
            ],
            [
                -0.8025692701339722,
                0.5833332538604736,
                0.12491922825574875
            ]
        ],
        [
            [
                0.5540482401847839,
                1.5050714452513603e-08,
                -0.8324845433235168
            ],
            [
                -0.45786651968955994,
                0.8351646661758423,
                -0.30472657084465027
            ],
            [
                0.6952616572380066,
                0.550000011920929,
                0.4627215564250946
            ]
        ],
        [
            [
                -0.9708731770515442,
                -1.4417789011289539e-11,
                0.2395939975976944
            ],
            [
                0.12379022687673569,
                0.8561866283416748,
                0.5016177892684937
            ],
            [
                -0.20513717830181122,
                0.5166666507720947,
                -0.8312486410140991
            ]
        ],
        [
            [
                0.8777350783348083,
                1.4287870442331041e-08,
                0.47914624214172363
            ],
            [
                0.23158732056617737,
                0.8754364252090454,
                -0.4242385923862457
            ],
            [
                -0.41946208477020264,
                0.4833332896232605,
                0.7684012651443481
            ]
        ],
        [
            [
                -0.3235558867454529,
                -1.7765469095820663e-09,
                -0.9462090730667114
            ],
            [
                -0.4257940948009491,
                0.8930285573005676,
                0.14560014009475708
            ],
            [
                0.8449917435646057,
                0.44999998807907104,
                -0.28894466161727905
            ]
        ],
        [
            [
                -0.4005749523639679,
                2.451342240306076e-09,
                0.916263997554779
            ],
            [
                0.3817766606807709,
                0.9090593457221985,
                0.1669062376022339
            ],
            [
                -0.8329383730888367,
                0.4166666567325592,
                -0.3641464412212372
            ]
        ],
        [
            [
                0.914298951625824,
                -1.2973081497946737e-09,
                -0.40504002571105957
            ],
            [
                -0.15526534616947174,
                0.9236100912094116,
                -0.3504812717437744
            ],
            [
                0.3740990459918976,
                0.38333332538604736,
                0.8444557189941406
            ]
        ],
        [
            [
                -0.947776198387146,
                -1.3810552701443157e-09,
                -0.31893616914749146
            ],
            [
                -0.11162766069173813,
                0.9367496967315674,
                0.3317216634750366
            ],
            [
                0.29876336455345154,
                0.3499999940395355,
                -0.887829065322876
            ]
        ],
        [
            [
                0.4834224283695221,
                4.1649106385932555e-09,
                0.8753872513771057
            ],
            [
                0.2772060036659241,
                0.9485368728637695,
                -0.15308377146720886
            ],
            [
                -0.8303371071815491,
                0.3166666626930237,
                0.45854395627975464
            ]
        ],
        [
            [
                0.23485495150089264,
                1.3855352420932832e-09,
                -0.9720304012298584
            ],
            [
                -0.27540862560272217,
                0.9590215086936951,
                -0.06654223799705505
            ],
            [
                0.9321980476379395,
                0.28333333134651184,
                0.22523094713687897
            ]
        ],
        [
            [
                -0.829771876335144,
                5.575126138523956e-09,
                0.5581026673316956
            ],
            [
                0.13952568173408508,
                0.9682458639144897,
                0.207442969083786
            ],
            [
                -0.5403806567192078,
                0.25,
                -0.8034231662750244
            ]
        ],
        [
            [
                0.9888409376144409,
                -9.117615551446079e-10,
                0.14897523820400238
            ],
            [
                0.032277967780828476,
                0.976245641708374,
                -0.2142488658428192
            ],
            [
                -0.14543642103672028,
                0.21666666865348816,
                0.9653516411781311
            ]
        ],
        [
            [
                -0.6285092234611511,
                3.323819885991952e-09,
                -0.7778021693229675
            ],
            [
                -0.14259709417819977,
                0.9830508232116699,
                0.11522670835256577
            ],
            [
                0.7646190524101257,
                0.1833333522081375,
                -0.617856502532959
            ]
        ],
        [
            [
                -0.06195468455553055,
                1.0019272078665153e-09,
                0.9980789422988892
            ],
            [
                0.14971184730529785,
                0.9886860251426697,
                0.009293203242123127
            ],
            [
                -0.9867867231369019,
                0.15000000596046448,
                -0.061253730207681656
            ]
        ],
        [
            [
                0.7198761105537415,
                3.3588956060981445e-09,
                -0.6941025853157043
            ],
            [
                -0.0809786319732666,
                0.9931711554527283,
                -0.08398554474115372
            ],
            [
                0.6893625855445862,
                0.11666665971279144,
                0.7149602174758911
            ]
        ],
        [
            [
                -0.9996737837791443,
                7.861609280235271e-11,
                0.025540314614772797
            ],
            [
                0.0021283593960106373,
                0.9965217113494873,
                0.08330614119768143
            ],
            [
                -0.025451477617025375,
                0.0833333283662796,
                -0.9961966276168823
            ]
        ],
        [
            [
                0.7543805837631226,
                1.318728459764884e-09,
                0.656437337398529
            ],
            [
                0.03282186761498451,
                0.9987491965293884,
                -0.03771902993321419
            ],
            [
                -0.655616283416748,
                0.05000000074505806,
                0.7534369826316833
            ]
        ],
        [
            [
                -0.1128397285938263,
                -1.3754164474022446e-10,
                -0.9936131834983826
            ],
            [
                -0.016560222953557968,
                0.9998611211776733,
                0.0018806623993441463
            ],
            [
                0.9934751987457275,
                0.01666666939854622,
                -0.11282406002283096
            ]
        ]
    ],
    "c2ws": [
        [
            [
                0.3623749017715454,
                0.9164985418319702,
                -0.16945457458496094,
                -0.6778182983398438
            ],
            [
                2.7452573547748216e-09,
                0.1818118840456009,
                0.9833332896232605,
                3.933333158493042
            ],
            [
                0.9320324063301086,
                -0.356335312128067,
                0.0658840611577034,
                0.2635362446308136
            ],
            [
                0.0,
                0.0,
                0.0,
                1.0
            ]
        ],
        [
            [
                -0.8967828154563904,
                -0.4203474223613739,
                0.1381615251302719,
                0.5526461005210876
            ],
            [
                -1.061558840831367e-08,
                0.31224989891052246,
                0.949999988079071,
                3.799999952316284
            ],
            [
                -0.4424709677696228,
                0.8519436717033386,
                -0.2800203561782837,
                -1.1200814247131348
            ],
            [
                0.0,
                0.0,
                0.0,
                1.0
            ]
        ],
        [
            [
                0.9601446390151978,
                -0.2562117874622345,
                0.11170441657304764,
                0.44681766629219055
            ],
            [
                -4.348823523514511e-09,
                0.3996526002883911,
                0.9166666269302368,
                3.6666665077209473
            ],
            [
                -0.2795037627220154,
                -0.8801325559616089,
                0.38372430205345154,
                1.5348972082138062
            ],
            [
                0.0,
                0.0,
                0.0,
                1.0
            ]
        ],
        [
            [
                -0.5191786289215088,
                0.7549546957015991,
                -0.40062060952186584,
                -1.6024824380874634
            ],
            [
                -2.7716653416831605e-09,
                0.4687453806400299,
                0.8833333253860474,
                3.5333333015441895
            ],
            [
                0.8546656966209412,
                0.4586077928543091,
                -0.24336259067058563,
                -0.9734503626823425
            ],
            [
                0.0,
                0.0,
                0.0,
                1.0
            ]
        ],
        [
            [
                -0.19449223577976227,
                -0.833768367767334,
                0.5167232751846313,
                2.0668931007385254
            ],
            [
                2.2057384807538938e-09,
                0.5267826914787292,
                0.8499999642372131,
                3.3999998569488525
            ],
            [
                -0.9809041023254395,
                0.16531836986541748,
                -0.10245513916015625,
                -0.409820556640625
            ],
            [
                0.0,
                0.0,
                0.0,
                1.0
            ]
        ],
        [
            [
                0.8060036301612854,
                0.4833936095237732,
                -0.3415972888469696,
                -1.3663891553878784
            ],
            [
                -2.9818867375297486e-09,
                0.577109694480896,
                0.8166666626930237,
                3.2666666507720947
            ],
            [
                0.5919105410575867,
                -0.6582363247871399,
                0.4651525020599365,
                1.860610008239746
            ],
            [
                0.0,
                0.0,
                0.0,
                1.0
            ]
        ],
        [
            [
                -0.9941518306732178,
                0.08459315448999405,
                -0.06712756305932999,
                -0.26851025223731995
            ],
            [
                5.925535173645358e-09,
                0.6216018199920654,
                0.7833333015441895,
                3.133333206176758
            ],
            [
                0.10799127072095871,
                0.7787522673606873,
                -0.6179665923118591,
                -2.4718663692474365
            ],
            [
                0.0,
                0.0,
                0.0,
                1.0
            ]
        ],
        [
            [
                0.6601095795631409,
                -0.5633769631385803,
                0.49685177206993103,
                1.9874070882797241
            ],
            [
                -3.0218458846320573e-09,
                0.6614378094673157,
                0.7500000596046448,
                3.000000238418579
            ],
            [
                -0.7511693239212036,
                -0.49508216977119446,
                0.43662142753601074,
                1.746485710144043
            ],
            [
                0.0,
                0.0,
                0.0,
                1.0
            ]
        ],
        [
            [
                0.020663324743509293,
                0.7165136337280273,
                -0.6972669959068298,
                -2.7890679836273193
            ],
            [
                1.3418638422635354e-10,
                0.6974158883094788,
                0.7166666388511658,
                2.866666555404663
            ],
            [
                0.9997864961624146,
                -0.0148087153211236,
                0.014410930685698986,
                0.057643722742795944
            ],
            [
                0.0,
                0.0,
                0.0,
                1.0
            ]
        ],
        [
            [
                -0.6905825734138489,
                -0.4942232668399811,
                0.5280521512031555,
                2.112208604812622
            ],
            [
                9.069530904071144e-09,
                0.7301065325737,
                0.6833333373069763,
                2.7333333492279053
            ],
            [
                -0.7232535481452942,
                0.4718981087207794,
                -0.5041988492012024,
                -2.0167953968048096
            ],
            [
                0.0,
                0.0,
                0.0,
                1.0
            ]
        ],
        [
            [
                0.9977648854255676,
                0.043434858322143555,
                -0.050780974328517914,
                -0.20312389731407166
            ],
            [
                3.8892272735679967e-10,
                0.7599342465400696,
                0.6500000357627869,
                2.6000001430511475
            ],
            [
                0.06682285666465759,
                -0.6485472321510315,
                0.7582356929779053,
                3.032942771911621
            ],
            [
                0.0,
                0.0,
                0.0,
                1.0
            ]
        ],
        [
            [
                -0.7808589339256287,
                0.3852362334728241,
                -0.4917849004268646,
                -1.9671396017074585
            ],
            [
                1.2488339251603975e-09,
                0.7872243523597717,
                0.6166666746139526,
                2.4666666984558105
            ],
            [
                0.6247074007987976,
                0.48152968287467957,
                -0.6147111654281616,
                -2.4588446617126465
            ],
            [
                0.0,
                0.0,
                0.0,
                1.0
            ]
        ],
        [
            [
                0.15379729866981506,
                -0.5763930678367615,
                0.8025693297386169,
                3.2102773189544678
            ],
            [
                -1.2694024720261154e-09,
                0.8122329711914062,
                0.5833333134651184,
                2.3333332538604736
            ],
            [
                -0.988102376461029,
                -0.08971509337425232,
                0.12491923570632935,
                0.4996769428253174
            ],
            [
                0.0,
                0.0,
                0.0,
                1.0
            ]
        ],
        [
            [
                0.5540482997894287,
                0.45786651968955994,
                -0.6952616572380066,
                -2.7810466289520264
            ],
            [
                -1.5050714452513603e-08,
                0.8351646065711975,
                0.550000011920929,
                2.200000047683716
            ],
            [
                0.8324845433235168,
                -0.3047265410423279,
                0.4627215266227722,
                1.8508861064910889
            ],
            [
                0.0,
                0.0,
                0.0,
                1.0
            ]
        ],
        [
            [
                -0.9708731770515442,
                -0.12379022687673569,
                0.20513717830181122,
                0.8205487132072449
            ],
            [
                1.4417780337672159e-11,
                0.8561866283416748,
                0.5166666507720947,
                2.066666603088379
            ],
            [
                -0.2395939975976944,
                0.5016177892684937,
                -0.8312486410140991,
                -3.3249945640563965
            ],
            [
                0.0,
                0.0,
                0.0,
                1.0
            ]
        ],
        [
            [
                0.8777350783348083,
                -0.23158732056617737,
                0.41946208477020264,
                1.6778483390808105
            ],
            [
                -2.8377993288586367e-09,
                0.8754364252090454,
                0.4833332896232605,
                1.933333158493042
            ],
            [
                -0.47914624214172363,
                -0.4242385923862457,
                0.7684012651443481,
                3.0736050605773926
            ],
            [
                0.0,
                0.0,
                0.0,
                1.0
            ]
        ],
        [
            [
                -0.3235558867454529,
                0.4257940649986267,
                -0.8449916839599609,
                -3.3799667358398438
            ],
            [
                5.7877542758433265e-09,
                0.8930285573005676,
                0.44999998807907104,
                1.7999999523162842
            ],
            [
                0.9462090730667114,
                0.14560014009475708,
                -0.28894463181495667,
                -1.1557785272598267
            ],
            [
                0.0,
                0.0,
                0.0,
                1.0
            ]
        ],
        [
            [
                -0.4005749821662903,
                -0.3817766308784485,
                0.8329383134841919,
                3.3317532539367676
            ],
            [
                -2.3214470346033522e-09,
                0.9090593457221985,
                0.4166666567325592,
                1.6666666269302368
            ],
            [
                -0.916263997554779,
                0.1669062227010727,
                -0.3641464114189148,
                -1.4565856456756592
            ],
            [
                0.0,
                0.0,
                0.0,
                1.0
            ]
        ],
        [
            [
                0.914298951625824,
                0.15526533126831055,
                -0.3740990459918976,
                -1.4963961839675903
            ],
            [
                -1.3704239132383833e-10,
                0.9236100316047668,
                0.38333332538604736,
                1.5333333015441895
            ],
            [
                0.40504002571105957,
                -0.350481241941452,
                0.8444557189941406,
                3.3778228759765625
            ],
            [
                0.0,
                0.0,
                0.0,
                1.0
            ]
        ],
        [
            [
                -0.947776198387146,
                0.11162766069173813,
                -0.29876336455345154,
                -1.1950534582138062
            ],
            [
                1.3810552701443157e-09,
                0.9367496967315674,
                0.3499999940395355,
                1.399999976158142
            ],
            [
                0.31893616914749146,
                0.3317216634750366,
                -0.887829065322876,
                -3.551316261291504
            ],
            [
                0.0,
                0.0,
                0.0,
                1.0
            ]
        ],
        [
            [
                0.48342233896255493,
                -0.2772059440612793,
                0.8303370475769043,
                3.321348190307617
            ],
            [
                3.7626166071724754e-10,
                0.9485368728637695,
                0.31666669249534607,
                1.2666667699813843
            ],
            [
                -0.8753871917724609,
                -0.15308375656604767,
                0.45854395627975464,
                1.8341758251190186
            ],
            [
                0.0,
                0.0,
                0.0,
                1.0
            ]
        ],
        [
            [
                0.23485496640205383,
                0.27540862560272217,
                -0.9321981072425842,
                -3.728792428970337
            ],
            [
                -1.2478533761850485e-09,
                0.9590214490890503,
                0.28333333134651184,
                1.1333333253860474
            ],
            [
                0.9720304608345032,
                -0.06654223799705505,
                0.22523096203804016,
                0.9009238481521606
            ],
            [
                0.0,
                0.0,
                0.0,
                1.0
            ]
        ],
        [
            [
                -0.829771876335144,
                -0.1395256668329239,
                0.540380597114563,
                2.161522388458252
            ],
            [
                2.869798398918988e-09,
                0.968245804309845,
                0.2499999850988388,
                0.9999999403953552
            ],
            [
                -0.5581027269363403,
                0.20744295418262482,
                -0.8034231662750244,
                -3.2136926651000977
            ],
            [
                0.0,
                0.0,
                0.0,
                1.0
            ]
        ],
        [
            [
                0.9888409376144409,
                -0.032277967780828476,
                0.14543642103672028,
                0.5817456841468811
            ],
            [
                9.117615551446079e-10,
                0.976245641708374,
                0.21666666865348816,
                0.8666666746139526
            ],
            [
                -0.14897523820400238,
                -0.2142488658428192,
                0.9653516411781311,
                3.8614065647125244
            ],
            [
                0.0,
                0.0,
                0.0,
                1.0
            ]
        ],
        [
            [
                -0.6285091638565063,
                0.14259706437587738,
                -0.764618992805481,
                -3.058475971221924
            ],
            [
                1.8175051463842351e-09,
                0.9830507636070251,
                0.1833333522081375,
                0.73333340883255
            ],
            [
                0.7778021097183228,
                0.11522669345140457,
                -0.6178564429283142,
                -2.471425771713257
            ],
            [
                0.0,
                0.0,
                0.0,
                1.0
            ]
        ],
        [
            [
                -0.06195468455553055,
                -0.14971184730529785,
                0.9867866635322571,
                3.9471466541290283
            ],
            [
                4.710075662828217e-10,
                0.9886859655380249,
                0.14999999105930328,
                0.5999999642372131
            ],
            [
                -0.9980790019035339,
                0.009293202310800552,
                -0.061253730207681656,
                -0.24501492083072662
            ],
            [
                0.0,
                0.0,
                0.0,
                1.0
            ]
        ],
        [
            [
                0.7198761105537415,
                0.0809786319732666,
                -0.689362645149231,
                -2.757450580596924
            ],
            [
                -3.0494458069796337e-09,
                0.9931710958480835,
                0.11666665971279144,
                0.46666663885116577
            ],
            [
                0.6941025257110596,
                -0.08398553729057312,
                0.7149601578712463,
                2.8598406314849854
            ],
            [
                0.0,
                0.0,
                0.0,
                1.0
            ]
        ],
        [
            [
                -0.9996737837791443,
                -0.002128359628841281,
                0.025451479479670525,
                0.1018059179186821
            ],
            [
                -6.460896401216942e-11,
                0.9965217709541321,
                0.0833333283662796,
                0.3333333134651184
            ],
            [
                -0.025540314614772797,
                0.08330614864826202,
                -0.9961966872215271,
                -3.9847867488861084
            ],
            [
                0.0,
                0.0,
                0.0,
                1.0
            ]
        ],
        [
            [
                0.7543805241584778,
                -0.03282186761498451,
                0.655616283416748,
                2.622465133666992
            ],
            [
                -1.318728459764884e-09,
                0.9987492561340332,
                0.05000000447034836,
                0.20000001788139343
            ],
            [
                -0.656437337398529,
                -0.03771902993321419,
                0.7534369826316833,
                3.0137479305267334
            ],
            [
                0.0,
                0.0,
                0.0,
                1.0
            ]
        ],
        [
            [
                -0.11283973604440689,
                0.016560222953557968,
                -0.9934751987457275,
                -3.97390079498291
            ],
            [
                1.3754164474022446e-10,
                0.9998610615730286,
                0.01666666939854622,
                0.06666667759418488
            ],
            [
                0.9936132431030273,
                0.0018806623993441463,
                -0.11282406002283096,
                -0.45129624009132385
            ],
            [
                0.0,
                0.0,
                0.0,
                1.0
            ]
        ]
    ],
    "dataset_type": "blender",
    "delaunay": true,
    "far": [
        4.673684361097462,
        4.707792856622802,
        4.807713121628584,
        4.959586607775993,
        4.9854206573671895,
        4.855337535689368,
        4.863924478341088,
        5.0923323844266974,
        5.124611915070851,
        4.912356619496553,
        5.040755277815935,
        5.146777613280669,
        5.187622529357051,
        5.093226469979998,
        4.8807533009865764,
        5.090068643093247,
        5.201602107040021,
        5.11818332934029,
        5.0108934762181505,
        5.006124887423287,
        5.211963863329348,
        5.202889175957651,
        4.900635257735582,
        5.025586586800459,
        5.203405986252237,
        5.179045302895116,
        4.910660430784296,
        4.772924238089462,
        5.098172034682047,
        5.112511510963564
    ],
    "focal": 1250.0,
    "height": 800.0,
    "near": [
        3.137403390401457,
        3.110956049361352,
        2.9184451592397354,
        3.039647209668542,
        2.8996183549035535,
        3.0787558573873035,
        3.33988293564441,
        2.816144584292495,
        2.8148602965291247,
        3.0836364070118516,
        3.062211077777586,
        3.0081777587541154,
        2.874511300814215,
        2.8635983699456884,
        3.215618920255529,
        2.872795972609321,
        2.7954835640073314,
        2.954921006753635,
        3.191314111697503,
        3.1525488986260424,
        2.849140680536319,
        2.789831570957946,
        3.2261963183973705,
        3.116374207205383,
        2.912661179908522,
        2.9592005017051277,
        3.0653846521704224,
        3.0799762972158624,
        2.92700293597515,
        2.8843414673125287
    ],
    "num_layers": [
        16,
        16,
        16,
        16,
        16,
        16,
        16,
        16,
        16,
        16,
        16,
        16,
        16,
        16,
        16,
        16,
        16,
        16,
        16,
        16,
        16,
        16,
        16,
        16,
        16,
        16,
        16,
        16,
        16,
        16
    ],
    "num_sublayers": [
        12,
        12,
        12,
        12,
        12,
        12,
        12,
        12,
        12,
        12,
        12,
        12,
        12,
        12,
        12,
        12,
        12,
        12,
        12,
        12,
        12,
        12,
        12,
        12,
        12,
        12,
        12,
        12,
        12,
        12
    ],
    "offset": [
        112.0,
        112.0,
        112.0,
        112.0,
        112.0,
        112.0,
        112.0,
        112.0,
        112.0,
        112.0,
        112.0,
        112.0,
        112.0,
        112.0,
        112.0,
        112.0,
        112.0,
        112.0,
        112.0,
        112.0,
        112.0,
        112.0,
        112.0,
        112.0,
        112.0,
        112.0,
        112.0,
        112.0,
        112.0,
        112.0
    ],
    "planes": [
        [
            3.1374034881591797,
            3.145413398742676,
            3.1534230709075928,
            3.161432981491089,
            3.169442653656006,
            3.177452564239502,
            3.185462474822998,
            3.193472146987915,
            3.201482057571411,
            3.2094919681549072,
            3.217501401901245,
            3.225511312484741,
            3.233520984649658,
            3.2415308952331543,
            3.2495408058166504,
            3.2575504779815674,
            3.2655603885650635,
            3.2735702991485596,
            3.2815799713134766,
            3.2895898818969727,
            3.2975995540618896,
            3.3056094646453857,
            3.313619375228882,
            3.321629047393799,
            3.329638957977295,
            3.337648868560791,
            3.345658540725708,
            3.353668451309204,
            3.361677885055542,
            3.369687795639038,
            3.377697706222534,
            3.385707378387451,
            3.3937172889709473,
            3.4017271995544434,
            3.4097368717193604,
            3.4177467823028564,
            3.4257564544677734,
            3.4337663650512695,
            3.4417762756347656,
            3.4497859477996826,
            3.4577958583831787,
            3.465805768966675,
            3.473815441131592,
            3.481825351715088,
            3.489835023880005,
            3.497844696044922,
            3.505854606628418,
            3.513864278793335,
            3.521874189376831,
            3.529884099960327,
            3.537893772125244,
            3.5459036827087402,
            3.5539133548736572,
            3.5619232654571533,
            3.5699331760406494,
            3.5779428482055664,
            3.5859527587890625,
            3.5939626693725586,
            3.6019723415374756,
            3.6099822521209717,
            3.6179919242858887,
            3.6260018348693848,
            3.634011745452881,
            3.6420211791992188,
            3.650031089782715,
            3.658041000366211,
            3.666050672531128,
            3.674060583114624,
            3.682070255279541,
            3.690080165863037,
            3.698090076446533,
            3.70609974861145,
            3.7141096591949463,
            3.7221195697784424,
            3.7301292419433594,
            3.7381391525268555,
            3.7461488246917725,
            3.7541587352752686,
            3.7621686458587646,
            3.7701783180236816,
            3.7781882286071777,
            3.786198139190674,
            3.7942075729370117,
            3.802217483520508,
            3.810227155685425,
            3.818237066268921,
            3.826246976852417,
            3.834256649017334,
            3.84226655960083,
            3.850276470184326,
            3.858286142349243,
            3.8662960529327393,
            3.8743057250976562,
            3.8823156356811523,
            3.8903255462646484,
            3.8983352184295654,
            3.9063451290130615,
            3.9143550395965576,
            3.9223644733428955,
            3.9303743839263916,
            3.9383840560913086,
            3.9463939666748047,
            3.954403877258301,
            3.9624135494232178,
            3.970423460006714,
            3.97843337059021,
            3.986443042755127,
            3.994452953338623,
            4.002462863922119,
            4.010472774505615,
            4.018482208251953,
            4.026492118835449,
            4.034502029418945,
            4.042511940002441,
            4.050521373748779,
            4.058531284332275,
            4.0665411949157715,
            4.074551105499268,
            4.0825605392456055,
            4.09057092666626,
            4.098580360412598,
            4.106590270996094,
            4.11460018157959,
            4.122610092163086,
            4.130619525909424,
            4.13862943649292,
            4.146638870239258,
            4.154649257659912,
            4.16265869140625,
            4.170668601989746,
